Datos Blue
 6555
 764
 901
 886
 1015
 1078
 1142
 1394
 1501
 1722
 1897
 2226
 2577
 2944
 3670
 4369
 5434
 6740
 9033
 12498
 17847
 49991
 112987
 13490
 8789
 6048
 4433
 3434
 2810
 2389
 2055
 1697
 1522
 1355
 1303
 1147
 1020
 839
 858
 769
 710
 665
 603
 565
 531
 511
 464
 463
 466
 444
 404
 392
 417
 393
 413
 372
 364
 327
 361
 367
 357
 317
 302
 300
 320
 301
 309
 304
 314
 309
 278
 327
 271
 262
 253
 271
 250
 245
 249
 236
 263
 261
 241
 241
 253
 258
 247
 230
 240
 209
 224
 232
 210
 217
 219
 222
 190
 196
 218
 209
 212
 191
 208
 210
 188
 181
 194
 185
 192
 186
 168
 203
 178
 165
 158
 205
 171
 169
 152
 169
 173
 149
 175
 175
 157
 161
 148
 147
 190
 179
 166
 177
 169
 146
 162
 154
 155
 145
 130
 155
 145
 149
 164
 131
 159
 151
 140
 136
 136
 137
 168
 161
 143
 139
 155
 159
 160
 130
 143
 128
 133
 136
 157
 156
 147
 141
 156
 135
 165
 151
 141
 153
 138
 144
 147
 150
 151
 137
 123
 142
 161
 141
 132
 132
 148
 134
 132
 115
 138
 112
 134
 130
 115
 133
 159
 129
 128
 132
 123
 148
 143
 130
 151
 142
 134
 121
 123
 126
 104
 122
 109
 151
 146
 146
 146
 152
 155
 137
 154
 113
 172
 165
 144
 178
 139
 174
 154
 145
 194
 178
 232
 192
 223
 199
 231
 195
 259
 258
 211
 312
 253
 304
 252
 380
 398
 314
 450
 349
 508
 367
 607
 597
 465
 851
 690
 5229