Datos Green
 2192
 376
 409
 376
 454
 441
 571
 481
 579
 635
 716
 758
 892
 1050
 1222
 1464
 1868
 2395
 3139
 4814
 8944
 43573
 113259
 22086
 12086
 8554
 6674
 5585
 4664
 3994
 3559
 2966
 2668
 2305
 2139
 2019
 1831
 1693
 1545
 1487
 1428
 1394
 1343
 1246
 1177
 1196
 1090
 1060
 999
 908
 871
 799
 737
 758
 695
 681
 631
 613
 637
 584
 534
 527
 544
 516
 463
 466
 441
 447
 410
 413
 432
 432
 387
 380
 408
 384
 348
 359
 297
 338
 381
 339
 349
 350
 382
 354
 363
 325
 337
 326
 325
 336
 343
 309
 333
 312
 292
 312
 347
 298
 316
 324
 291
 311
 290
 286
 267
 269
 283
 256
 249
 248
 245
 246
 248
 253
 238
 268
 252
 224
 246
 211
 254
 237
 238
 233
 253
 206
 213
 233
 224
 250
 240
 262
 239
 214
 236
 220
 240
 205
 228
 236
 220
 233
 223
 238
 247
 205
 250
 206
 241
 199
 221
 220
 227
 213
 224
 218
 233
 225
 246
 200
 249
 244
 238
 233
 226
 238
 245
 239
 225
 233
 232
 241
 209
 241
 226
 237
 232
 255
 239
 236
 213
 234
 238
 256
 245
 260
 260
 249
 231
 250
 258
 220
 258
 195
 229
 250
 221
 197
 214
 203
 205
 204
 213
 250
 220
 227
 192
 232
 220
 189
 225
 213
 205
 216
 223
 205
 206
 194
 231
 217
 237
 211
 204
 223
 186
 214
 232
 227
 202
 196
 197
 210
 235
 244
 251
 250
 255
 245
 265
 289
 289
 307
 363
 353
 384
 471
 548
 571
 674
 771
 905
 1086
 1479
 4821