Datos Red
 2753
 368
 328
 447
 447
 445
 498
 557
 559
 605
 681
 747
 788
 987
 1178
 1428
 1655
 2182
 3007
 4188
 9508
 42129
 103782
 12258
 7420
 5489
 4909
 5334
 4375
 3478
 3014
 2949
 2818
 2584
 2536
 2360
 2143
 2022
 1873
 1873
 1778
 1763
 1766
 1602
 1541
 1473
 1409
 1331
 1317
 1282
 1152
 1197
 1163
 1231
 1163
 1121
 1142
 1047
 1048
 1089
 959
 989
 979
 1004
 918
 921
 999
 957
 876
 838
 725
 750
 735
 713
 669
 669
 640
 669
 676
 621
 645
 624
 624
 629
 608
 624
 609
 590
 587
 593
 553
 556
 525
 530
 497
 437
 417
 425
 392
 373
 389
 377
 371
 352
 356
 359
 356
 347
 340
 355
 344
 344
 346
 313
 346
 328
 307
 349
 292
 333
 283
 292
 283
 276
 310
 303
 276
 270
 292
 295
 287
 271
 225
 266
 273
 247
 225
 269
 253
 232
 252
 262
 238
 269
 235
 260
 255
 275
 245
 238
 289
 260
 251
 257
 252
 272
 246
 238
 286
 233
 256
 260
 268
 284
 246
 275
 279
 280
 252
 277
 247
 294
 302
 249
 282
 284
 268
 287
 263
 289
 259
 277
 275
 317
 269
 299
 285
 290
 280
 291
 277
 298
 292
 270
 300
 292
 297
 302
 264
 290
 310
 301
 272
 264
 301
 284
 311
 291
 258
 267
 250
 248
 285
 272
 277
 275
 279
 300
 282
 251
 269
 277
 255
 302
 315
 276
 313
 287
 275
 301
 283
 282
 300
 288
 293
 299
 304
 332
 334
 335
 372
 374
 381
 379
 474
 497
 493
 594
 686
 709
 631
 886
 1074
 967
 1444
 6269