Datos Blue black and white
 345
 520
 512
 471
 424
 407
 1558334373
 33029
 1678557147
 33303
 1558105115
 33245
 1558334756
 33488
 1558337828
 33937
 1672
 2235
 1678695922
 39521
 1558303762
 80607
 113174
 16182
 10092
 7379
 1678562883
 38148
 1556101561
 36638
 1558105472
 35713
 1678559794
 35264
 1678559147
 34833
 2022
 1912
 1678558410
 34470
 1678558551
 34319
 1558221167
 33939
 1558330465
 33898
 1558148192
 33780
 1678558124
 33892
 1095
 1078
 1022
 901
 1558145226
 33408
 1558334639
 33285
 1558200752
 33234
 712
 628
 1558202862
 33116
 1678557372
 33323
 1556180128
 33065
 483
 483
 447
 428
 1678557331
 33186
 422
 385
 432
 402
 396
 394
 1558145383
 32918
 1558337170
 32957
 1678557331
 33110
 1558143330
 32952
 1558145917
 32944
 1558144567
 32940
 1558331803
 32890
 334
 326
 349
 350
 1556097251
 32914
 1558146102
 32924
 1544
 308
 344
 285
 299
 279
 290
 295
 299
 285
 280
 268
 260
 235
 1558105825
 32805
 1011343683
 764
 269
 261
 1558336146
 32851
 249
 260
 1558249581
 32821
 1678557739
 33011
 1558161539
 32820
 291
 246
 259
 240
 1190043075
 -21798
 234
 216
 250
 226
 238
 262
 1558337508
 32788
 1558107684
 32820
 1558336093
 32802
 1678557176
 33008
 1558334188
 32814
 216
 235
 215
 228
 246
 242
 249
 253
 257
 251
 1678693155
 33032
 254
 250
 231
 299
 268
 278
 238
 266
 252
 252
 255
 247
 61765388
 256
 289
 261
 240
 265
 258
 236
 237
 248
 244
 264
 243
 254
 224
 209
 785
 1077
 1072
 1070
 1060
 1064
 1050
 1047
 1060
 1040
 1050
 1031
 1034
 1047
 1052
 1064
 1045
 1036
 1037
 1031
 1064
 1058
 1052
 1055
 1028
 1046
 1052
 1012
 1033
 1029
 216
 227
 455
 217
 199
 204
 198
 208
 202
 207
 236
 236
 226
 267
 241
 249
 289
 303
 262
 338
 332
 421
 463
 511
 -1190043006
 22790
 15776049
 1083
 1660
 1828
 1678561103
 32766