Datos Green black and white
 -1190041935
 22570
 512
 471
 1906311591
 -210512
 445
 453
 503
 537
 1558103915
 33245
 830
 913
 1678556444
 34127
 1672
 2235
 3133
 6755
 8534
 48031
 1558216469
 48758
 10093
 7379
 6239
 5382
 1678561625
 36828
 1558211585
 35713
 2659
 35074
 1558336243
 34643
 2022
 1912
 1558208573
 34280
 1672
 23603
 1558103459
 33939
 1678556888
 34088
 1558208003
 33780
 1149
 1126
 1558336976
 33654
 1678556615
 33659
 842
 832
 711
 709
 668
 658
 703
 628
 597
 540
 1678556204
 33323
 1678556400
 33255
 1678556083
 33249
 449
 428
 403
 423
 1678555990
 33151
 432
 402
 396
 394
 1678555943
 33108
 1558336298
 32957
 1678556243
 33110
 354
 33142
 361
 368
 1556149415
 32940
 339
 314
 334
 326
 348
 350
 339
 338
 1558102326
 32924
 320
 308
 1556149342
 32861
 1556173681
 32855
 1558334218
 32871
 299
 285
 1678556184
 33034
 1284
 235
 1558334185
 32805
 253
 263
 269
 261
 258
 275
 257
 261
 253
 245
 251
 245
 216
 244
 291
 246
 259
 240
 239
 253
 234
 216
 246
 226
 237
 262
 228
 212
 228
 244
 253
 226
 247
 242
 260
 238
 216
 235
 215
 228
 246
 242
 249
 253
 257
 251
 267
 266
 254
 250
 231
 267
 268
 278
 238
 266
 1558189400
 32828
 1558102270
 32823
 1736416117
 255
 1558144673
 32837
 1558104744
 32841
 1556083802
 32812
 1558190455
 32824
 439
 264
 1556149283
 32830
 1558102240
 32785
 1678556585
 33011
 1678556612
 33004
 228
 232
 1556149258
 32791
 228
 208
 218
 199
 1556092434
 32791
 1558145693
 32808
 1736416052
 204
 27131702
 199
 1678556604
 32992
 220
 223
 1678556772
 32980
 1558144604
 32756
 1678556761
 32963
 216
 227
 1558103527
 32793
 202
 204
 198
 208
 202
 207
 236
 236
 226
 267
 1736416080
 249
 1558337049
 32879
 1678557118
 33104
 1558145805
 32997
 1678557023
 33277
 1678557154
 33506
 1558193435
 33659
 1467
 1828
 1558108080
 32576