Datos Red black and white
 336
 520
 1179404159
 50397913
 423
 407
 4063680
 454
 160743
 537
 675
 669
 2025636
 912
 1068
 3671441
 4195990
 4458752
 3136
 6759
 8595
 48031
 113237
 16182
 10157
 7379
 7023
 5382
 5433
 4062
 3464
 3137
 2661
 2502
 1843115
 2067
 1842822
 1912
 1842570
 1704
 1699
 1553
 1471
 1363
 1336
 1322
 1201
 1208
 1148
 1126
 1088
 1078
 1015
 893
 150666
 832
 150535
 709
 4764
 658
 704
 633
 152149
 540
 152124
 557
 152048
 489
 1537943
 483
 1537907
 428
 4499
 420
 423
 389
 1692080
 402
 1692044
 394
 1692023
 342
 302847
 381
 302840
 344
 4450
 376
 362
 374
 1996663
 364
 2000723
 314
 2000718
 326
 20844
 350
 36907
 338
 4406
 348
 322
 314
 2006190
 285
 2010283
 279
 2010274
 295
 779
 285
 760
 268
 268
 235
 261
 233
 1101
 263
 1117
 261
 1106
 275
 289
 261
 285
 245
 259
 245
 220
 248
 1171
 246
 1139
 240
 1119
 253
 302
 216
 314
 226
 241
 262
 235
 216
 1996516
 244
 2000637
 226
 2000631
 242
 276
 238
 360
 235
 223
 228
 1685382729
 246
 1097
 253
 1105
 251
 1115
 266
 286
 250
 263
 267
 276
 278
 1685382718
 270
 1841080
 252
 1841082
 247
 1841106
 255
 24549
 261
 24500
 265
 262
 236
 1685382718
 254
 244
 264
 243
 254
 224
 209
 209
 245
 240
 238
 244
 232
 1685382700
 219
 1996516
 208
 2000602
 199
 1678556042
 32981
 1678557196
 32998
 213
 204
 1558102221
 32775
 1556173614
 32802
 220
 223
 1558205897
 32790
 220
 180
 1558265203
 32773
 1678556024
 32993
 199
 217
 1558205847
 32780
 1678556038
 32974
 1678556010
 32973
 236
 236
 1678556034
 33033
 1558246832
 32825
 65826
 303
 2120220934
 -210581
 1558072524
 32997
 1678555855
 33277
 578
 740
 1558104130
 33659
 1467
 1828
 2032537080
 1